zcta5,white,black,api,native,multiple,hispanic
00601,0.0043,0.0001,0.0001,0.0001,0.0,0.9955
00602,0.0052,0.0003,0.0004,0.0,0.0002,0.994
00603,0.0115,0.0018,0.0009,0.0,0.0004,0.9853
00606,0.0048,0.0005,0.0006,0.0,0.0002,0.994
00610,0.0064,0.0008,0.0003,0.0,0.0002,0.9923
00612,0.0066,0.0007,0.0007,0.0001,0.0004,0.9916
00616,0.0033,0.001,0.0001,0.0001,0.0001,0.9955
00617,0.0045,0.0007,0.0006,0.0,0.0001,0.9941
00622,0.0164,0.001,0.0004,0.0,0.0006,0.9815
00623,0.0076,0.0007,0.0004,0.0,0.0003,0.991
00624,0.0052,0.0005,0.0004,0.0,0.0002,0.9937
00627,0.005,0.0003,0.0003,0.0003,0.0001,0.9941
00631,0.0032,0.0,0.0022,0.0,0.0,0.9946
00637,0.0042,0.0003,0.0002,0.0001,0.0002,0.9951
00638,0.0024,0.0003,0.0,0.0001,0.0004,0.9969
00641,0.0046,0.0001,0.0004,0.0001,0.0002,0.9946
00646,0.0161,0.0012,0.0013,0.0001,0.0004,0.9809
00647,0.0068,0.001,0.0002,0.0,0.0,0.9921
00650,0.0048,0.0005,0.0004,0.0,0.0001,0.9943
00652,0.01,0.0002,0.0,0.0,0.0002,0.9896
00653,0.0043,0.0008,0.0002,0.0002,0.0001,0.9944
00656,0.003,0.0009,0.0004,0.0,0.0002,0.9954
00659,0.0064,0.0008,0.0007,0.0001,0.0001,0.9919
00660,0.0037,0.0004,0.0006,0.0001,0.0005,0.9947
00662,0.0078,0.0008,0.0008,0.0,0.0002,0.9905
00664,0.0027,0.0004,0.0005,0.0001,0.0001,0.9963
00667,0.0057,0.0003,0.0005,0.0,0.0,0.9934
00669,0.0066,0.0001,0.0002,0.0,0.0001,0.993
00670,0.0057,0.0001,0.0001,0.0,0.0002,0.9939
00674,0.0061,0.0007,0.0004,0.0,0.0001,0.9926
00676,0.0046,0.0005,0.0003,0.0,0.0001,0.9944
00677,0.0323,0.0012,0.001,0.0001,0.0003,0.9652
00678,0.0054,0.0003,0.0005,0.0,0.0001,0.9938
00680,0.0069,0.0013,0.0006,0.0002,0.0002,0.9908
00682,0.006999999999999999,0.0013,0.0029,0.0,0.0004,0.9884
00683,0.0061,0.0009,0.0005,0.0001,0.0003,0.9921
00685,0.0055,0.0006,0.0005,0.0,0.0002,0.9932
00687,0.0044,0.0006,0.0004,0.0001,0.0002,0.9943
00688,0.0048,0.0009,0.0004,0.0,0.0001,0.9938
00690,0.0118,0.0006,0.0016,0.0,0.0002,0.9858
00692,0.0091,0.0018,0.001,0.0002,0.0003,0.9875
00693,0.0056,0.0007,0.0004,0.0,0.0003,0.993
00694,0.003,0.0,0.0,0.0,0.0,0.997
00698,0.0038,0.0002,0.0005,0.0001,0.0002,0.9951
00703,0.0035,0.0004,0.0002,0.0,0.0001,0.9957
00704,0.0026,0.0011,0.0,0.0,0.0001,0.9963
00705,0.0054,0.0004,0.0001,0.0,0.0006,0.9936
00707,0.0063,0.0006,0.0002,0.0001,0.0002,0.9926
00714,0.0065,0.0016,0.0003,0.0,0.0006,0.9909
00715,0.0014,0.0003,0.0,0.0,0.0,0.9984
00716,0.0088,0.0007,0.001,0.0,0.0005,0.9889
00717,0.0071,0.0009,0.0012,0.0002,0.0005,0.99
00718,0.0054,0.0013,0.0006,0.0,0.0004,0.9923
00719,0.0036,0.0005,0.0003,0.0001,0.0002,0.9954
00720,0.0035,0.0001,0.0002,0.0,0.0001,0.996
00723,0.0038,0.0017,0.0001,0.0002,0.0003,0.994
00725,0.0063,0.0012,0.0007,0.0001,0.0003,0.9913
00727,0.0055,0.0006,0.0013,0.0001,0.0002,0.9924
00728,0.0057,0.0006,0.0005,0.0,0.0008,0.9923
00729,0.0045,0.0025,0.0002,0.0001,0.0003,0.9925
00730,0.0059,0.0006,0.0003,0.0001,0.0003,0.9927
00731,0.0046,0.0003,0.0003,0.0001,0.0002,0.9945
00735,0.0093,0.0017,0.0007,0.0,0.0005,0.9878
00736,0.005,0.0004,0.0007,0.0,0.0002,0.9937
00738,0.0119,0.0029,0.0013,0.0002,0.0005,0.9832
00739,0.0042,0.0005,0.0003,0.0,0.0001,0.9949
00740,0.0145,0.0048,0.0,0.0,0.0024,0.9783
00741,0.0109,0.0026,0.0,0.0,0.0004,0.9861
00745,0.0068,0.0014,0.0008,0.0001,0.0003,0.9906
00751,0.0058,0.001,0.0003,0.0002,0.0003,0.9924
00754,0.0037,0.0003,0.0003,0.0,0.0001,0.9955
00757,0.0029,0.0006,0.0003,0.0002,0.0003,0.9957
00765,0.0477,0.0059,0.0004,0.0003,0.0013,0.9443
00766,0.0028,0.0001,0.0003,0.0,0.0002,0.9966
00767,0.0044,0.0013,0.0002,0.0,0.0005,0.9936
00769,0.0032,0.0005,0.0003,0.0,0.0001,0.9958
00771,0.0045,0.0005,0.0005,0.0001,0.0003,0.9941
00772,0.0023,0.0022,0.0001,0.0002,0.0001,0.9951
00773,0.0143,0.0035,0.0011,0.0004,0.0008,0.9799
00775,0.0767,0.0022,0.0017,0.0006,0.0011,0.9177
00777,0.0049,0.0012,0.0002,0.0,0.0005,0.9931
00778,0.0056,0.001,0.0006,0.0,0.0006,0.9923
00780,0.0041,0.0002,0.0007,0.0,0.0001,0.9949
00782,0.0034,0.0005,0.0001,0.0,0.0003,0.9959
00783,0.0044,0.0007,0.0001,0.0,0.0002,0.9946
00784,0.0056,0.0017,0.0004,0.0002,0.0006,0.9915
00786,0.0112,0.0,0.0,0.0,0.0,0.9888
00791,0.0071,0.001,0.0011,0.0001,0.0007,0.99
00794,0.0058,0.0004,0.0001,0.0001,0.0002,0.9934
00795,0.0044,0.0008,0.0002,0.0,0.0005,0.9941
00901,0.05,0.0081,0.0021,0.0003,0.0011,0.9384
00906,0.0,0.0,0.5,0.0,0.0,0.5
00907,0.041,0.0078,0.008,0.0002,0.0016,0.9414
00909,0.0074,0.0042,0.001,0.0,0.0021,0.9854
00911,0.0537,0.0053,0.0063,0.0,0.0021,0.9326
00912,0.0101,0.0068,0.0021,0.0003,0.0006,0.9801
00913,0.0187,0.0024,0.0,0.0,0.0003,0.9786
00915,0.0075,0.005,0.0004,0.0004,0.0005,0.9863
00917,0.0072,0.0022,0.0018,0.0003,0.0005,0.9881
00918,0.0129,0.0013,0.0028,0.0001,0.0002,0.9827
00920,0.0077,0.0034,0.0012,0.0001,0.0007,0.987
00921,0.0075,0.0023,0.0013,0.0001,0.0005,0.9883
00923,0.0077,0.0027,0.0011,0.0002,0.0006,0.9877
00924,0.0069,0.0028,0.0003,0.0002,0.0005,0.9893
00925,0.0152,0.0079,0.0077,0.0003,0.001,0.9678
00926,0.009000000000000001,0.0015,0.0012,0.0001,0.0003,0.9879
00927,0.0155,0.0013,0.001,0.0,0.001,0.9812
00934,0.2527,0.083,0.0036,0.0036,0.0144,0.6426
00936,0.0103,0.0015,0.0,0.0,0.0,0.9883
00949,0.0073,0.0014,0.0013,0.0002,0.0004,0.9894
00950,0.0,0.1111,0.0,0.0,0.0,0.8889
00951,0.0,0.0,0.0,0.0,0.0,1.0
00952,0.0042,0.0009,0.0001,0.0,0.0002,0.9946
00953,0.0049,0.0004,0.0006,0.0002,0.0003,0.9936
00956,0.0065,0.001,0.0007,0.0001,0.0004,0.9913
00957,0.0057,0.0008,0.0015,0.0001,0.0002,0.9918
00959,0.0096,0.0015,0.0017,0.0,0.0006,0.9866
00960,0.0051,0.0017,0.0,0.0,0.0,0.9933
00961,0.0063,0.0017,0.0017,0.0001,0.0003,0.9898
00962,0.0055,0.0017,0.0008,0.0,0.0003,0.9917
00965,0.0038,0.0037,0.0001,0.0,0.0004,0.9919
00966,0.0173,0.0014,0.0017,0.0002,0.0007,0.9787
00968,0.0187,0.0009,0.0058,0.0,0.0006,0.9741
00969,0.0166,0.0013,0.002,0.0001,0.0005,0.9794
00971,0.0056,0.0005,0.0003,0.0,0.0004,0.9931
00976,0.0072,0.0019,0.0007,0.0,0.0004,0.9898
00979,0.0373,0.0035,0.006,0.0002,0.0009,0.9521
00982,0.0062,0.0018,0.0017,0.0002,0.0006,0.9895
00983,0.0081,0.0026,0.0011,0.0001,0.0011,0.987
00985,0.0053,0.0018,0.0011,0.0003,0.0008,0.9906
00987,0.0057,0.0018,0.0016,0.0001,0.0004,0.9905
01001,0.9177,0.0166,0.021,0.001,0.0102,0.0334
01002,0.7406,0.0448,0.1022,0.0013,0.0323,0.0789
01003,0.7495,0.0531,0.1151,0.0011,0.03,0.0512
01005,0.9527,0.0095,0.0051,0.002,0.0132,0.0175
01007,0.9237,0.013,0.0212,0.0012,0.0146,0.0263
01008,0.9731,0.0032,0.0032,0.0008,0.0063,0.0135
01009,0.9607,0.0054,0.0041,0.0014,0.0081,0.0204
01010,0.9487,0.0075,0.0047,0.0028,0.0144,0.0219
01011,0.9766,0.0,0.008,0.0,0.0058,0.0095
01012,0.9652,0.0015,0.0076,0.0015,0.0091,0.0151
01013,0.7275,0.0258,0.0105,0.0015,0.0137,0.221
01020,0.8542,0.0212,0.0158,0.0016,0.0121,0.0951
01022,0.7373,0.1225,0.0143,0.002,0.0147,0.1091
01026,0.9703,0.0032,0.0021,0.0,0.0095,0.0148
01027,0.9201,0.0092,0.022,0.0018,0.0117,0.0351
01028,0.9305,0.0135,0.0239,0.0006,0.0088,0.0227
01029,0.9708,0.0025,0.0063,0.0013,0.0114,0.0076
01030,0.9359,0.009000000000000001,0.0123,0.001,0.0092,0.0326
01031,0.9549,0.0084,0.0023,0.0054,0.0076,0.0214
01032,0.9702,0.0035,0.0035,0.0035,0.014,0.0053
01033,0.9526,0.0037,0.0111,0.0021,0.0096,0.0209
01034,0.9584,0.0049,0.003,0.0049,0.0114,0.0173
01035,0.8951,0.0183,0.0402,0.0015,0.0137,0.0311
01036,0.9561,0.0049,0.0139,0.0006,0.0098,0.0147
01037,0.9582,0.0095,0.0024,0.0012,0.0119,0.0167
01038,0.9689,0.0039,0.0055,0.0012,0.0043,0.0161
01039,0.9611,0.0037,0.0105,0.0,0.0075,0.0172
01040,0.4684,0.0241,0.0103,0.0011,0.0111,0.485
01050,0.9597,0.002,0.0024,0.002,0.0138,0.0202
01053,0.9096,0.0273,0.0131,0.0018,0.0155,0.0327
01054,0.9155,0.0119,0.0157,0.0016,0.0341,0.0211
01056,0.9005,0.023,0.0085,0.0007,0.0112,0.0562
01057,0.956,0.0073,0.0061,0.0021,0.0108,0.0177
01060,0.8258,0.0286,0.0506,0.0017,0.0223,0.0709
01062,0.8664,0.0176,0.0261,0.0026,0.0186,0.0686
01063,0.6628,0.0539,0.1663,0.0023,0.0468,0.0679
01066,1.0,0.0,0.0,0.0,0.0,0.0
01068,0.9584,0.0037,0.0047,0.0,0.009000000000000001,0.0242
01069,0.9433,0.0109,0.0092,0.0014,0.0119,0.0233
01070,0.9507,0.0223,0.0064,0.0016,0.0048,0.0143
01071,0.9618,0.0075,0.0031,0.0013,0.005,0.0213
01072,0.9024,0.0203,0.0108,0.0047,0.0339,0.0278
01073,0.9661,0.0035,0.0055,0.0009,0.0093,0.0147
01074,0.9404,0.0,0.0063,0.0063,0.0031,0.0439
01075,0.8758,0.021,0.0406,0.0011,0.0184,0.043
01077,0.9502,0.0083,0.0084,0.0024,0.0098,0.0208
01079,0.9408,0.0043,0.0014,0.0058,0.0231,0.0246
01080,0.9387,0.0103,0.0107,0.0013,0.0116,0.0274
01081,0.9558,0.01,0.0018,0.0024,0.013,0.0171
01082,0.9243,0.0099,0.0069,0.0024,0.0187,0.0378
01083,0.9532,0.0073,0.0028,0.0003,0.0107,0.0256
01084,0.9545,0.0,0.0057,0.0,0.0057,0.0341
01085,0.8852,0.0128,0.0129,0.0015,0.0128,0.0748
01086,0.9054,0.0218,0.0087,0.0015,0.0175,0.0451
01088,0.9582,0.0179,0.003,0.0,0.0119,0.009000000000000001
01089,0.8219,0.0297,0.0444,0.0012,0.0157,0.0871
01092,0.9484,0.0029,0.0072,0.0043,0.0136,0.0237
01093,0.9785,0.0092,0.0,0.0,0.0062,0.0062
01094,0.9658,0.0028,0.0,0.0,0.0085,0.0228
01095,0.9232,0.0195,0.02,0.0003,0.0095,0.0275
01096,0.967,0.0018,0.0032,0.0005,0.0095,0.0181
01097,0.9459,0.0,0.0,0.0,0.0,0.0541
01098,0.9628,0.0009,0.0091,0.0,0.0163,0.0109
01103,0.2585,0.1474,0.0246,0.0057,0.0198,0.544
01104,0.3657,0.1121,0.0148,0.0017,0.018000000000000002,0.4878
01105,0.1538,0.1923,0.0098,0.0025,0.015,0.6266
01106,0.9076,0.0102,0.0475,0.0002,0.0109,0.0235
01107,0.1304,0.0671,0.0041,0.0011,0.01,0.7872
01108,0.3589,0.16699999999999998,0.0597,0.0025,0.021,0.3908
01109,0.2156,0.4036,0.0107,0.0028,0.0276,0.3397
01118,0.6729,0.1256,0.037000000000000005,0.0007,0.0211,0.1426
01119,0.5418,0.1965,0.0162,0.0026,0.0229,0.22
01128,0.7727,0.0936,0.0324,0.0015,0.0183,0.0815
01129,0.62,0.157,0.0274,0.002,0.023,0.1707
01151,0.4697,0.1525,0.0161,0.002,0.0236,0.3362
01199,,,,,,
01201,0.8649,0.0479,0.0122,0.0017,0.0246,0.0487
01220,0.9631,0.0059,0.0049,0.0009,0.0134,0.0117
01222,0.9337,0.0157,0.0,0.0,0.0084,0.0422
01223,0.9623,0.0048,0.0035,0.0017,0.0091,0.0186
01224,0.9341,0.0055,0.044,0.0,0.0165,0.0
01225,0.9705,0.0045,0.0039,0.0016,0.0093,0.0103
01226,0.9589,0.0069,0.0079,0.0004,0.0101,0.0157
01229,0.9789,0.0105,0.0,0.0,0.0105,0.0
01230,0.8944,0.0227,0.0152,0.0018,0.0165,0.0494
01235,0.9736,0.0061,0.0033,0.0014,0.009000000000000001,0.0065
01236,0.929,0.0099,0.008,0.0,0.0192,0.0338
01237,0.9555,0.0152,0.0048,0.0004,0.0076,0.0164
01238,0.9231,0.0096,0.0166,0.0017,0.0063,0.0427
01240,0.9336,0.0128,0.0146,0.0009,0.0137,0.0243
01242,0.9389,0.0,0.0168,0.0,0.0147,0.0295
01243,0.991,0.0,0.003,0.0,0.003,0.003
01244,0.9934,0.0,0.0,0.0,0.0066,0.0
01245,0.9746,0.0142,0.001,0.0,0.003,0.0071
01247,0.9219,0.0179,0.006999999999999999,0.0026,0.0197,0.0309
01253,0.963,0.0,0.0055,0.0041,0.0123,0.0151
01254,0.9681,0.0031,0.0062,0.001,0.0041,0.0175
01255,0.9584,0.0088,0.0099,0.0,0.012,0.011
01256,0.9306,0.0188,0.0014,0.0058,0.0303,0.013
01257,0.9405,0.009000000000000001,0.0052,0.0019,0.0109,0.0326
01258,0.9652,0.0107,0.0053,0.0,0.008,0.0107
01259,0.9638,0.0,0.011,0.0,0.0063,0.0189
01260,0.9625,0.025,0.0042,0.0,0.0042,0.0042
01262,0.9319,0.0081,0.013,0.0008,0.0105,0.0357
01264,0.9708,0.0,0.0073,0.0,0.0,0.0219
01266,0.9568,0.0082,0.0123,0.0,0.0041,0.0185
01267,0.8546,0.0267,0.0502,0.0008,0.0272,0.0405
01270,0.9537,0.0077,0.0064,0.0013,0.0257,0.0051
01301,0.9004,0.0148,0.0139,0.0029,0.0195,0.0483
01330,0.9482,0.0027,0.0053,0.0046,0.0206,0.0186
01331,0.9355,0.0087,0.0069,0.0013,0.0135,0.034
01337,0.9742,0.0015,0.0039,0.0012,0.01,0.0092
01338,0.9679,0.0,0.0,0.0,0.016,0.016
01339,0.9596,0.0021,0.009000000000000001,0.0042,0.0174,0.0077
01340,0.9605,0.0041,0.0077,0.0006,0.0195,0.0077
01341,0.9525,0.0016,0.0071,0.0038,0.0197,0.0153
01342,0.9209,0.0121,0.0161,0.0,0.0214,0.0295
01343,0.9733,0.0,0.0,0.0,0.0267,0.0
01344,0.9586,0.0033,0.0027,0.0007,0.0147,0.02
01346,0.9568,0.0056,0.0,0.0019,0.0188,0.0169
01347,0.9217,0.006,0.012,0.006,0.0482,0.006
01349,0.9439,0.0037,0.0092,0.0046,0.0129,0.0258
01350,0.9504,0.0,0.0248,0.0,0.0,0.0248
01351,0.9355,0.0053,0.0106,0.0013,0.0199,0.0274
01354,0.9593,0.0087,0.0127,0.002,0.0093,0.008
01355,0.9658,0.0011,0.0091,0.0023,0.0114,0.0103
01360,0.9617,0.0043,0.0026,0.0016,0.0112,0.0185
01364,0.9334,0.0094,0.0111,0.0036,0.0145,0.028
01366,0.9749,0.0016,0.0039,0.0008,0.006999999999999999,0.0117
01367,0.9713,0.0077,0.0,0.0,0.0096,0.0115
01368,0.9564,0.0024,0.0071,0.0008,0.0071,0.0262
01370,0.9576,0.0042,0.0096,0.0022,0.0167,0.0098
01373,0.9417,0.0054,0.0174,0.0002,0.0115,0.0237
01375,0.8489,0.0253,0.052000000000000005,0.0033,0.0212,0.0493
01376,0.887,0.0124,0.0061,0.0019,0.0254,0.0672
01378,0.9664,0.0,0.009000000000000001,0.0052,0.009000000000000001,0.0103
01379,0.952,0.0111,0.0074,0.0037,0.0049,0.0209
01420,0.6837,0.0401,0.0362,0.0017,0.0214,0.2168
01430,0.94,0.0087,0.012,0.001,0.013,0.0253
01431,0.9616,0.0029,0.0036,0.0007,0.0127,0.0186
01432,0.8296,0.0453,0.0385,0.0021,0.0288,0.0558
01434,0.6713,0.1922,0.0267,0.0,0.0017,0.1081
01436,0.9544,0.0075,0.0057,0.0003,0.0105,0.0216
01438,0.9517,0.0054,0.0,0.0,0.0,0.0429
01440,0.8714,0.0247,0.0145,0.0022,0.0168,0.0705
01450,0.9366,0.0042,0.0276,0.0007,0.0127,0.0181
01451,0.9214,0.0042,0.0352,0.0,0.02,0.0192
01452,0.9657,0.0048,0.0048,0.0002,0.0101,0.0144
01453,0.7618,0.0451,0.0277,0.0012,0.0186,0.1456
01460,0.9245,0.0052,0.0393,0.0007,0.0168,0.0136
01462,0.9384,0.0078,0.0152,0.0016,0.0131,0.0238
01463,0.9537,0.0044,0.0116,0.0012,0.0122,0.0169
01464,0.7971,0.0797,0.0285,0.0017,0.0151,0.0779
01467,0.9146,0.0,0.0348,0.0032,0.0253,0.0222
01468,0.9575,0.0055,0.0057,0.0015,0.0159,0.0139
01469,0.9532,0.0057,0.0094,0.0021,0.011,0.0185
01473,0.9447,0.0085,0.01,0.0015,0.0087,0.0265
01474,0.9558,0.0071,0.0047,0.0014,0.0136,0.0174
01475,0.9204,0.013,0.0184,0.0013,0.0128,0.0342
01501,0.9327,0.0095,0.0187,0.0013,0.0113,0.0265
01503,0.9493,0.0063,0.014,0.0024,0.0126,0.0154
01504,0.9483,0.0085,0.0082,0.0023,0.0121,0.0205
01505,0.9254,0.0067,0.0366,0.0021,0.0145,0.0147
01506,0.9631,0.0029,0.0021,0.0009,0.018000000000000002,0.013
01507,0.9432,0.0058,0.0094,0.0015,0.0113,0.0288
01510,0.8076,0.0253,0.0135,0.0019,0.0149,0.1368
01515,0.9528,0.005,0.0027,0.0023,0.0137,0.0234
01516,0.9543,0.0041,0.0092,0.0016,0.0144,0.0164
01518,0.94,0.0064,0.0138,0.0047,0.0131,0.0219
01519,0.9237,0.0079,0.0384,0.0002,0.0106,0.0191
01520,0.9248,0.0107,0.0312,0.0006,0.0105,0.0221
01521,0.9512,0.0056,0.0044,0.0044,0.0113,0.023
01522,0.944,0.0039,0.0239,0.0,0.0088,0.0194
01523,0.8286,0.0621,0.0176,0.0004,0.0111,0.0802
01524,0.9201,0.013,0.019,0.0028,0.0138,0.0313
01525,0.9724,0.0,0.0069,0.0,0.0,0.0207
01527,0.93,0.0125,0.0194,0.0015,0.0135,0.0231
01529,0.9633,0.0041,0.0091,0.0022,0.0085,0.0129
01531,0.969,0.003,0.006,0.004,0.01,0.008
01532,0.8619,0.009000000000000001,0.0819,0.0007,0.0195,0.027000000000000003
01534,0.939,0.0046,0.0107,0.002,0.0133,0.0304
01535,0.9579,0.0034,0.0034,0.003,0.0133,0.019
01536,0.8784,0.0265,0.054000000000000006,0.0013,0.0151,0.0247
01537,0.9484,0.0062,0.0098,0.0004,0.0125,0.0227
01540,0.9311,0.0099,0.0107,0.0012,0.0106,0.0364
01541,0.9602,0.0041,0.0117,0.0003,0.0094,0.0144
01542,0.9284,0.0105,0.01,0.0055,0.0068,0.0388
01543,0.9436,0.0114,0.016,0.0008,0.0099,0.0183
01545,0.7838,0.0172,0.1555,0.0007,0.0166,0.0261
01550,0.6865,0.0141,0.0179,0.0035,0.0114,0.2666
01560,0.7635,0.0117,0.1677,0.0013,0.0217,0.0341
01561,0.5184,0.3098,0.0123,0.0061,0.0031,0.1503
01562,0.9472,0.0052,0.0072,0.0017,0.01,0.0287
01564,0.9536,0.0067,0.0092,0.0017,0.0086,0.0202
01566,0.9343,0.0059,0.0227,0.0014,0.0092,0.0264
01568,0.9429,0.006999999999999999,0.0218,0.0005,0.0119,0.0159
01569,0.9494,0.0078,0.0105,0.0005,0.0128,0.0191
01570,0.8769,0.0251,0.0106,0.0028,0.0159,0.0687
01571,0.9394,0.0104,0.0083,0.0011,0.0118,0.029
01581,0.7547,0.0127,0.1752,0.0014,0.0166,0.0394
01583,0.8857,0.0446,0.0086,0.0022,0.0055,0.0533
01585,0.9598,0.0068,0.0053,0.0009,0.0105,0.0167
01588,0.9373,0.0068,0.0101,0.0011,0.0126,0.0321
01590,0.9604,0.0043,0.0104,0.0003,0.0116,0.013
01602,0.77,0.0743,0.0461,0.0014,0.0216,0.0866
01603,0.5211,0.1002,0.106,0.0025,0.0216,0.2485
01604,0.6404,0.1015,0.061,0.0014,0.0255,0.1702
01605,0.4861,0.1495,0.045,0.0027,0.0252,0.2915
01606,0.7822,0.0775,0.0372,0.0024,0.0217,0.079
01607,0.5609,0.1699,0.0523,0.0019,0.0197,0.1953
01608,0.2718,0.1388,0.0535,0.0041,0.0186,0.5132
01609,0.6563,0.0748,0.0611,0.0029,0.0214,0.1834
01610,0.4416,0.0996,0.0781,0.0035,0.0273,0.3499
01611,0.8617,0.0495,0.0169,0.0009,0.0165,0.0544
01612,0.9261,0.019,0.013,0.0006,0.0101,0.0312
01701,0.8237,0.0371,0.0651,0.001,0.0206,0.0526
01702,0.5775,0.0687,0.0694,0.0021,0.0583,0.2239
01718,0.6409999999999999,0.0043,0.2949,0.0043,0.0214,0.0342
01719,0.7908,0.0048,0.1634,0.0002,0.0181,0.0227
01720,0.7629,0.0106,0.1848,0.0005,0.0156,0.0257
01721,0.8272,0.0226,0.0886,0.001,0.0154,0.0452
01730,0.8414,0.0211,0.0948,0.0013,0.016,0.0254
01731,0.6614,0.0947,0.0323,0.0043,0.0545,0.1528
01740,0.9352,0.0045,0.0268,0.0014,0.0143,0.0178
01741,0.8792,0.0029,0.0787,0.0002,0.0184,0.0207
01742,0.8733,0.0368,0.0405,0.0005,0.012,0.0369
01745,0.8846,0.0026,0.0615,0.0,0.0179,0.0333
01746,0.9376,0.0087,0.0247,0.0009,0.0099,0.0182
01747,0.9437,0.0061,0.0173,0.0007,0.0107,0.0216
01748,0.9188,0.0082,0.0439,0.0005,0.0107,0.0179
01749,0.9007,0.0147,0.0226,0.0007,0.018000000000000002,0.0433
01752,0.7801,0.0264,0.0523,0.0014,0.0273,0.1125
01754,0.9061,0.0158,0.0274,0.0012,0.012,0.0375
01756,0.9652,0.0029,0.0101,0.0003,0.0089,0.0125
01757,0.847,0.0196,0.0247,0.0012,0.0228,0.0847
01760,0.8589,0.0195,0.0726,0.0009,0.018000000000000002,0.0301
01770,0.9358,0.0039,0.0333,0.0002,0.0129,0.0139
01772,0.8629,0.0085,0.0845,0.0014,0.0151,0.0277
01773,0.8743,0.0188,0.0607,0.0008,0.0206,0.0247
01775,0.9239,0.0067,0.0324,0.0014,0.0172,0.0185
01776,0.8962,0.0078,0.0594,0.0003,0.0164,0.0199
01778,0.855,0.0079,0.0983,0.0003,0.0141,0.0243
01801,0.8216,0.041,0.075,0.0012,0.0155,0.0456
01803,0.7942,0.0322,0.134,0.0013,0.0145,0.0237
01810,0.8361,0.0104,0.1033,0.0005,0.0137,0.0361
01821,0.8925,0.016,0.0564,0.001,0.0122,0.0219
01824,0.8809,0.009000000000000001,0.0794,0.001,0.0111,0.0188
01826,0.8844,0.0235,0.0402,0.0011,0.0118,0.039
01827,0.9415,0.0019,0.0318,0.0009,0.0101,0.0138
01830,0.7922,0.0235,0.0148,0.0016,0.0151,0.1526
01832,0.7515,0.029,0.0175,0.0014,0.0168,0.1839
01833,0.9576,0.0045,0.0093,0.0009,0.0103,0.0175
01834,0.9651,0.0043,0.0095,0.0005,0.0074,0.0132
01835,0.8789,0.0224,0.0162,0.0007,0.0113,0.0703
01840,0.1539,0.0295,0.0076,0.0019,0.004,0.8031
01841,0.1516,0.0206,0.0106,0.0021,0.0059,0.8092
01843,0.3194,0.0253,0.0503,0.0008,0.0089,0.5953
01844,0.7507,0.0198,0.037000000000000005,0.0014,0.0102,0.1809
01845,0.86,0.0151,0.0631,0.0008,0.0117,0.0494
01850,0.5579,0.0836,0.0907,0.0008,0.0249,0.2421
01851,0.4019,0.0596,0.385,0.0006,0.0246,0.1283
01852,0.6263,0.0592,0.1124,0.0019,0.0229,0.1772
01854,0.5624,0.0509,0.1775,0.0016,0.0203,0.1872
01860,0.9577,0.0057,0.0065,0.0013,0.0107,0.0182
01862,0.8657,0.0336,0.0478,0.0019,0.0134,0.0377
01863,0.8487,0.013,0.0973,0.0007,0.0157,0.0247
01864,0.941,0.0056,0.0267,0.0011,0.01,0.0155
01867,0.9319,0.0058,0.0382,0.0004,0.0094,0.0143
01876,0.93,0.0107,0.0274,0.0009,0.0103,0.0207
01879,0.9074,0.0104,0.047,0.0008,0.0109,0.0235
01880,0.9325,0.0085,0.0252,0.0009,0.0102,0.0227
01886,0.8406,0.0034,0.126,0.0005,0.0143,0.0152
01887,0.9243,0.0073,0.0378,0.0007,0.0118,0.0181
01890,0.8583,0.01,0.0937,0.0006,0.0185,0.019
01901,0.4917,0.2002,0.0172,0.0041,0.0261,0.2607
01902,0.3919,0.125,0.0693,0.0024,0.0242,0.3872
01904,0.7622,0.0543,0.0317,0.0009,0.0175,0.1333
01905,0.4247,0.1017,0.1007,0.0018,0.0227,0.3485
01906,0.9004,0.0198,0.0267,0.0011,0.0116,0.0404
01907,0.9312,0.0116,0.0195,0.0005,0.0112,0.026
01908,0.9565,0.0044,0.017,0.0009,0.0059,0.0153
01913,0.9528,0.0066,0.0069,0.0018,0.0127,0.0191
01915,0.9181,0.0148,0.0178,0.0011,0.0127,0.0355
01921,0.9517,0.004,0.0155,0.0003,0.0103,0.0182
01922,0.971,0.0023,0.0071,0.0023,0.0064,0.0109
01923,0.9386,0.0095,0.019,0.0009,0.0085,0.0235
01929,0.9626,0.0031,0.01,0.0,0.0111,0.0131
01930,0.9446,0.0069,0.0095,0.001,0.0106,0.0274
01937,0.9669,0.0199,0.0066,0.0,0.0,0.0066
01938,0.9505,0.0046,0.0137,0.0009,0.0125,0.0177
01940,0.9329,0.0046,0.0353,0.0004,0.0082,0.0186
01944,0.9644,0.0012,0.008,0.0021,0.0095,0.0148
01945,0.9515,0.0066,0.0101,0.0006,0.0101,0.0211
01949,0.8744,0.0171,0.0225,0.0014,0.0133,0.0713
01950,0.9543,0.0055,0.0112,0.001,0.0113,0.0168
01951,0.9713,0.0023,0.0059,0.0008,0.0104,0.0093
01952,0.9534,0.0042,0.0119,0.0022,0.0128,0.0155
01960,0.8864,0.0192,0.0185,0.0009,0.0114,0.0636
01966,0.9601,0.0059,0.0089,0.0006,0.0085,0.016
01969,0.9687,0.0027,0.011,0.0002,0.0074,0.0101
01970,0.7613,0.0353,0.0267,0.0016,0.0174,0.1577
01982,0.9135,0.0054,0.0541,0.0015,0.0098,0.0156
01983,0.9541,0.0051,0.0123,0.0007,0.0094,0.0184
01984,0.9481,0.006,0.0177,0.0008,0.0078,0.0196
01985,0.9638,0.0009,0.0104,0.0007,0.0085,0.0156
02019,0.9197,0.0133,0.0292,0.0006,0.0121,0.0251
02021,0.8357,0.0606,0.0611,0.0008,0.0141,0.0277
02025,0.9632,0.0027,0.0096,0.0011,0.0108,0.0127
02026,0.8536,0.0515,0.0258,0.0019,0.0123,0.0549
02030,0.9133,0.0061,0.0516,0.0013,0.0129,0.0149
02032,0.8892,0.0163,0.0606,0.0,0.0076,0.0263
02035,0.9193,0.0182,0.0323,0.0015,0.0103,0.0184
02038,0.9157,0.0132,0.0379,0.0007,0.0129,0.0196
02043,0.9554,0.0049,0.0159,0.0014,0.0115,0.0109
02045,0.9465,0.0086,0.0102,0.0033,0.0144,0.0169
02047,0.9667,0.0,0.0056,0.0,0.0222,0.0056
02048,0.9038,0.026,0.0344,0.0026,0.0122,0.0211
02050,0.9652,0.0044,0.0072,0.0014,0.0092,0.0126
02052,0.9404,0.006,0.0271,0.0007,0.0109,0.015
02053,0.9358,0.0097,0.0218,0.0016,0.0115,0.0196
02054,0.9295,0.0072,0.0302,0.0027,0.0131,0.0173
02056,0.8565,0.0547,0.0153,0.0016,0.0065,0.0654
02061,0.9546,0.006,0.0173,0.0008,0.0092,0.0122
02062,0.8319,0.049,0.0598,0.0014,0.0146,0.0432
02066,0.963,0.0056,0.0078,0.0007,0.0121,0.0107
02067,0.8122,0.0396,0.1101,0.0005,0.0162,0.0213
02071,0.6749,0.1412,0.0152,0.0059,0.006999999999999999,0.1558
02072,0.7974,0.1086,0.0366,0.0013,0.0231,0.033
02081,0.9289,0.0179,0.0244,0.001,0.0083,0.0195
02090,0.9168,0.0087,0.0496,0.0002,0.0085,0.0162
02093,0.9627,0.0055,0.0102,0.0015,0.0079,0.0121
02108,0.8893,0.0252,0.0365,0.0013,0.0121,0.0357
02109,0.8513,0.0304,0.0597,0.0016,0.0115,0.0456
02110,0.8661,0.0231,0.0542,0.0012,0.015,0.0404
02111,0.4206,0.0351,0.4843,0.0004,0.0185,0.0411
02113,0.9205,0.0067,0.0254,0.0016,0.0093,0.0365
02114,0.7513,0.0672,0.0975,0.001,0.0176,0.0654
02115,0.6495,0.0772,0.1494,0.0014,0.0239,0.0986
02116,0.7135,0.0601,0.1507,0.0012,0.0192,0.0552
02118,0.4607,0.1926,0.1372,0.0019,0.0197,0.1878
02119,0.0714,0.5646,0.0147,0.0047,0.0365,0.3081
02120,0.4282,0.2059,0.1117,0.0032,0.021,0.23
02121,0.0179,0.6638,0.0076,0.0044,0.0276,0.2787
02122,0.3586,0.2825,0.1824,0.0021,0.0427,0.1318
02124,0.1757,0.5636,0.0633,0.0029,0.0328,0.1616
02125,0.3173,0.2995,0.1223,0.0029,0.0515,0.2065
02126,0.0378,0.8092,0.0086,0.0032,0.0241,0.1172
02127,0.7878,0.0486,0.0482,0.0011,0.0117,0.1026
02128,0.3777,0.0322,0.0355,0.0017,0.0155,0.5375
02129,0.7607,0.0467,0.0821,0.0011,0.0123,0.0971
02130,0.574,0.1208,0.0519,0.0017,0.0249,0.2267
02131,0.4736,0.214,0.0269,0.0028,0.0217,0.2611
02132,0.8023,0.0498,0.0637,0.001,0.0152,0.068
02134,0.6016,0.0463,0.1887,0.0008,0.0293,0.1333
02135,0.7082,0.0451,0.1354,0.0009,0.0203,0.09
02136,0.2976,0.4367,0.0177,0.0021,0.0211,0.2248
02138,0.6892,0.0624,0.1489,0.0015,0.0359,0.0621
02139,0.5798,0.1365,0.1593,0.0017,0.0389,0.0839
02140,0.5869,0.1773,0.135,0.0014,0.0351,0.0642
02141,0.6405,0.0949,0.1281,0.0011,0.0293,0.1061
02142,0.5304,0.0544,0.2751,0.0016,0.031,0.1075
02143,0.7414,0.0496,0.1024,0.0012,0.0273,0.078
02144,0.8146,0.0483,0.0652,0.0012,0.0232,0.0475
02145,0.5692,0.1031,0.0904,0.0013,0.0341,0.2018
02148,0.5361,0.1458,0.2049,0.0013,0.0263,0.0857
02149,0.5602,0.1419,0.0497,0.0021,0.0249,0.2212
02150,0.2555,0.0673,0.0304,0.0016,0.0163,0.6289
02151,0.6334,0.0439,0.0561,0.0013,0.0174,0.2479
02152,0.8921,0.019,0.0124,0.0011,0.0141,0.0614
02155,0.7719,0.0844,0.0738,0.0014,0.0238,0.0448
02163,0.5691,0.0666,0.2448,0.0031,0.0424,0.07400000000000001
02169,0.6944,0.0578,0.1847,0.0018,0.0207,0.0406
02170,0.6145,0.0204,0.3274,0.0008,0.0144,0.0225
02171,0.6075,0.0259,0.3244,0.0012,0.0157,0.0252
02176,0.8987,0.0232,0.038,0.0004,0.015,0.0247
02180,0.9087,0.0159,0.0341,0.0008,0.0108,0.0297
02184,0.8584,0.0257,0.076,0.0013,0.0136,0.0251
02186,0.7638,0.1381,0.0416,0.0011,0.0225,0.0328
02188,0.8732,0.0413,0.0402,0.0016,0.0188,0.0249
02189,0.873,0.0408,0.0283,0.0027,0.0203,0.0349
02190,0.9146,0.0175,0.0336,0.0009,0.0128,0.0207
02191,0.9263,0.0087,0.0249,0.0014,0.0118,0.0269
02199,0.8159,0.0131,0.1248,0.0009,0.0148,0.0305
02203,,,,,,
02210,0.8423,0.0163,0.0719,0.001,0.0177,0.0508
02215,0.6493,0.038,0.1994,0.0011,0.0305,0.0817
02301,0.4351,0.3508,0.029,0.0025,0.07,0.1126
02302,0.5353,0.2841,0.019,0.0037,0.0541,0.1039
02322,0.8356,0.0957,0.0277,0.0002,0.0127,0.028
02324,0.8933,0.0466,0.0123,0.0021,0.0141,0.0317
02330,0.956,0.0116,0.0041,0.0016,0.0155,0.0113
02332,0.9652,0.0039,0.01,0.0011,0.0076,0.0122
02333,0.947,0.0152,0.0085,0.0018,0.0126,0.0149
02338,0.9647,0.006,0.0056,0.0005,0.0124,0.0108
02339,0.9615,0.0077,0.0119,0.0009,0.0087,0.0093
02341,0.9631,0.0094,0.0048,0.0002,0.0131,0.0093
02343,0.8173,0.0851,0.0293,0.0021,0.0216,0.0446
02346,0.9449,0.0149,0.0074,0.0021,0.0148,0.016
02347,0.9643,0.0074,0.0082,0.0012,0.0101,0.0087
02351,0.9272,0.0199,0.018000000000000002,0.0026,0.0123,0.02
02356,0.9129,0.0277,0.0231,0.0011,0.011,0.0241
02357,0.9227,0.0243,0.0081,0.0,0.011,0.0339
02359,0.9631,0.0059,0.0096,0.0013,0.0092,0.0109
02360,0.9346,0.0188,0.0096,0.0031,0.0163,0.0177
02364,0.9567,0.0103,0.0093,0.001,0.0117,0.0111
02366,0.4433,0.2938,0.0,0.0103,0.0258,0.2268
02367,0.962,0.0082,0.0078,0.0007,0.0085,0.0128
02368,0.3988,0.3782,0.1265,0.0022,0.0291,0.0652
02370,0.9242,0.0251,0.0115,0.0013,0.0177,0.0203
02375,0.8889,0.0378,0.0291,0.0003,0.019,0.0249
02379,0.9422,0.0147,0.0109,0.001,0.0135,0.0176
02382,0.9449,0.0122,0.0078,0.0022,0.0142,0.0185
02420,0.7511,0.012,0.1916,0.0008,0.0227,0.0218
02421,0.7289,0.0167,0.2056,0.0006,0.0247,0.0235
02445,0.746,0.0351,0.141,0.0006,0.0256,0.0517
02446,0.7369,0.0259,0.1587,0.0008,0.0263,0.0513
02451,0.7120000000000001,0.0622,0.1114,0.001,0.0176,0.0958
02452,0.7522,0.0592,0.1037,0.0006,0.0169,0.0673
02453,0.6472,0.0534,0.0854,0.0014,0.0162,0.1964
02457,0.6456,0.0442,0.1754,0.0014,0.0379,0.0954
02458,0.8051,0.0228,0.1059,0.0011,0.0211,0.0441
02459,0.8023,0.0212,0.1192,0.0006,0.0213,0.0353
02460,0.8117,0.0248,0.0981,0.0005,0.0211,0.0438
02461,0.765,0.0216,0.1544,0.0009,0.0191,0.0391
02462,0.7829999999999999,0.0328,0.1365,0.0,0.0148,0.0328
02464,0.7149,0.0415,0.1722,0.0007,0.0228,0.048
02465,0.8145,0.0229,0.092,0.0009,0.0216,0.0482
02466,0.7844,0.0277,0.1333,0.0009,0.0177,0.036000000000000004
02467,0.7333,0.0385,0.1488,0.0004,0.0236,0.0555
02468,0.8772,0.0143,0.073,0.0004,0.0177,0.0175
02472,0.8221,0.0282,0.0728,0.0008,0.0227,0.0533
02474,0.8324,0.0246,0.0871,0.0006,0.0213,0.0339
02476,0.8499,0.0205,0.0769,0.0008,0.0212,0.0307
02478,0.8168,0.0178,0.1105,0.0007,0.0237,0.0305
02481,0.8215,0.0221,0.1004,0.0012,0.0192,0.0356
02482,0.857,0.0121,0.0841,0.0001,0.0169,0.0297
02492,0.904,0.0087,0.0521,0.0004,0.0137,0.0211
02493,0.8366,0.0186,0.0992,0.0004,0.0189,0.0262
02494,0.8668,0.0113,0.0812,0.0002,0.0183,0.0222
02532,0.9281,0.0132,0.013,0.006,0.023,0.0167
02534,0.9516,0.0048,0.006,0.0,0.023,0.0145
02535,0.8574,0.0162,0.0026,0.0717,0.0333,0.0188
02536,0.9096,0.0209,0.0119,0.0063,0.0306,0.0207
02537,0.9663,0.0024,0.0096,0.0016,0.0091,0.0111
02538,0.8898,0.0307,0.01,0.008,0.0319,0.0296
02539,0.9164,0.0219,0.0052,0.0044,0.0266,0.0256
02540,0.9304,0.0164,0.0161,0.0047,0.0177,0.0148
02542,0.7989,0.08199999999999999,0.0097,0.0079,0.0185,0.0829
02543,0.897,0.0158,0.0396,0.0,0.0174,0.0301
02553,0.982,0.0045,0.0,0.0,0.0135,0.0
02554,0.8076,0.0674,0.012,0.0006,0.0152,0.0972
02556,0.9554,0.0094,0.0103,0.0013,0.0152,0.0084
02557,0.8569,0.0482,0.0122,0.0095,0.0485,0.0247
02558,0.8207,0.0726,0.0089,0.0069,0.0667,0.0242
02559,0.9477,0.0154,0.0068,0.0056,0.0145,0.0098
02561,0.9254,0.0224,0.0075,0.0019,0.0261,0.0168
02562,0.9511,0.0054,0.0138,0.004,0.0121,0.0135
02563,0.9604,0.0032,0.0134,0.0012,0.0093,0.0126
02564,0.9349,0.0163,0.0065,0.0,0.0195,0.0228
02568,0.8872,0.0371,0.0082,0.0042,0.0316,0.0318
02571,0.8891,0.0304,0.0049,0.0055,0.0467,0.0234
02575,0.9461,0.0085,0.0074,0.0063,0.0188,0.0129
02576,0.9031,0.0304,0.0114,0.0028,0.0323,0.0201
02584,1.0,0.0,0.0,0.0,0.0,0.0
02601,0.777,0.0681,0.0215,0.0117,0.0549,0.0667
02630,0.9637,0.006,0.0054,0.0005,0.0119,0.0124
02631,0.9568,0.0069,0.0086,0.0013,0.0091,0.0172
02632,0.9327,0.0175,0.0124,0.0024,0.017,0.018000000000000002
02633,0.952,0.0181,0.0044,0.0021,0.0098,0.0137
02635,0.9549,0.0067,0.0049,0.0049,0.0131,0.0155
02637,0.9486,0.0158,0.0277,0.0,0.0,0.0079
02638,0.9584,0.0075,0.0044,0.0041,0.0106,0.015
02639,0.8907,0.0433,0.0053,0.006,0.0298,0.0248
02641,0.9755,0.0019,0.0,0.0,0.0019,0.0207
02642,0.96,0.0069,0.0055,0.0024,0.0099,0.0152
02643,0.9615,0.0,0.0385,0.0,0.0,0.0
02644,0.9489,0.0058,0.0127,0.0056,0.0084,0.0187
02645,0.9384,0.0157,0.0072,0.0028,0.0197,0.0162
02646,0.9656,0.0079,0.006,0.0018,0.0127,0.006
02647,0.9764,0.0079,0.0,0.0,0.0157,0.0
02648,0.9324,0.0132,0.0083,0.0051,0.0186,0.0224
02649,0.8852,0.0225,0.0128,0.0292,0.0276,0.0227
02650,0.9679,0.0048,0.0059,0.0012,0.0024,0.0178
02651,0.9375,0.0,0.0,0.0,0.0625,0.0
02652,0.9362,0.0272,0.0068,0.0009,0.0153,0.0136
02653,0.9589,0.0085,0.0076,0.001,0.0102,0.0137
02655,0.947,0.0086,0.0061,0.0029,0.0213,0.0141
02657,0.8875,0.0389,0.0061,0.0038,0.0153,0.0484
02659,0.9539,0.0018,0.0081,0.0054,0.0136,0.0172
02660,0.9316,0.0192,0.0069,0.0032,0.0138,0.0253
02663,0.9884,0.0,0.0,0.0,0.0058,0.0058
02664,0.919,0.0214,0.0138,0.0018,0.0164,0.0276
02666,0.9502,0.0073,0.0024,0.0024,0.0073,0.0303
02667,0.9584,0.0086,0.0054,0.0027,0.0093,0.0155
02668,0.9555,0.0058,0.0113,0.0025,0.0138,0.011
02669,0.8807,0.0175,0.0175,0.0,0.0105,0.0737
02670,0.9406,0.01,0.0139,0.0046,0.0154,0.0154
02671,0.9299,0.0257,0.0059,0.0069,0.0178,0.0138
02672,0.9551,0.0056,0.0056,0.0,0.0112,0.0225
02673,0.8996,0.0251,0.0093,0.0034,0.0261,0.0365
02675,0.9617,0.0072,0.0095,0.0021,0.0096,0.0099
02702,0.965,0.0071,0.0071,0.001,0.008,0.0119
02703,0.843,0.0287,0.0461,0.0015,0.017,0.0637
02713,0.9808,0.0,0.0,0.0,0.0192,0.0
02715,0.9512,0.0061,0.0093,0.0022,0.0151,0.0161
02717,0.9598,0.0102,0.0055,0.0011,0.0106,0.0128
02718,0.9039,0.035,0.0111,0.0005,0.0177,0.0318
02719,0.9547,0.0089,0.0102,0.0015,0.0122,0.0126
02720,0.8706,0.0328,0.022,0.0013,0.019,0.0544
02721,0.8157,0.0403,0.0286,0.0015,0.0251,0.0888
02723,0.8113,0.0357,0.0345,0.0029,0.0217,0.0939
02724,0.8507,0.0274,0.0206,0.0026,0.0252,0.0735
02725,0.9707,0.0034,0.0114,0.003,0.0023,0.0091
02726,0.9673,0.0037,0.0077,0.0008,0.0098,0.0108
02738,0.9423,0.0171,0.0069,0.001,0.0217,0.0109
02739,0.9642,0.0069,0.0062,0.0012,0.012,0.0095
02740,0.6753,0.0774,0.011,0.0056,0.0621,0.1687
02743,0.9685,0.0048,0.003,0.0016,0.0104,0.0117
02744,0.6755,0.0358,0.006,0.0031,0.0358,0.2439
02745,0.8636,0.0208,0.0094,0.0015,0.0265,0.0782
02746,0.5847,0.0596,0.0103,0.0075,0.0377,0.3002
02747,0.8944,0.033,0.0236,0.0015,0.0189,0.0285
02748,0.9537,0.0071,0.0101,0.0011,0.0135,0.0145
02760,0.91,0.0151,0.0363,0.0012,0.0139,0.0234
02762,0.9313,0.0097,0.0311,0.0011,0.009000000000000001,0.0178
02763,0.9405,0.0066,0.0198,0.0,0.0076,0.0254
02764,0.9621,0.009000000000000001,0.004,0.0013,0.01,0.0136
02766,0.9305,0.0167,0.0181,0.0011,0.0139,0.0197
02767,0.9241,0.0255,0.0164,0.0017,0.014,0.0184
02769,0.957,0.0048,0.0103,0.0019,0.0102,0.0158
02770,0.9584,0.0101,0.0063,0.0008,0.0164,0.0079
02771,0.9449,0.01,0.0123,0.0017,0.0126,0.0184
02777,0.9655,0.006,0.006999999999999999,0.0006,0.0101,0.0109
02779,0.9609,0.0086,0.0044,0.0009,0.011,0.0141
02780,0.8521,0.0476,0.0099,0.0022,0.0291,0.059
02790,0.9714,0.0043,0.0069,0.0004,0.0079,0.0091
02791,0.9715,0.0,0.0163,0.0,0.0,0.0122
02802,0.9451,0.0038,0.0166,0.0,0.0077,0.0268
02804,0.9351,0.0069,0.0123,0.0119,0.015,0.0188
02806,0.9333,0.0044,0.0275,0.0012,0.0132,0.0204
02807,0.9485,0.0067,0.0048,0.001,0.0095,0.0296
02808,0.9304,0.0092,0.005,0.0171,0.0233,0.015
02809,0.9502,0.0079,0.0085,0.001,0.0123,0.0202
02812,0.9626,0.006,0.0074,0.0007,0.0187,0.0047
02813,0.9392,0.0037,0.0073,0.0181,0.0155,0.0162
02814,0.9666,0.0031,0.0061,0.0012,0.0083,0.0147
02815,0.8885,0.0,0.036000000000000004,0.0324,0.018000000000000002,0.0252
02816,0.9526,0.0059,0.0079,0.0017,0.0122,0.0197
02817,0.9458,0.0078,0.0132,0.0024,0.0093,0.0214
02818,0.9262,0.0075,0.034,0.0016,0.0123,0.0184
02822,0.9403,0.011,0.0072,0.0038,0.0108,0.0269
02825,0.9602,0.006,0.0091,0.0022,0.0099,0.0127
02826,0.9633,0.0,0.0101,0.0,0.0139,0.0126
02827,0.9691,0.006,0.0023,0.0014,0.0088,0.0125
02828,0.9601,0.0081,0.01,0.0,0.0068,0.0151
02830,0.97,0.0022,0.0027,0.0007,0.0112,0.0132
02831,0.9633,0.0043,0.0071,0.0006,0.0068,0.0179
02832,0.9531,0.0046,0.005,0.0067,0.0143,0.0163
02833,0.9323,0.0013,0.0089,0.0038,0.0077,0.046
02835,0.9537,0.0044,0.0063,0.0015,0.017,0.017
02836,0.9853,0.0,0.0074,0.0,0.0074,0.0
02837,0.9719,0.006,0.0052,0.0011,0.0063,0.0095
02838,0.8841,0.023,0.0121,0.0018,0.0186,0.0605
02839,0.9732,0.0047,0.0026,0.0005,0.0079,0.0111
02840,0.7994,0.0597,0.0119,0.0067,0.0416,0.0808
02841,0.6183,0.1416,0.0554,0.005,0.0431,0.1366
02842,0.8499,0.042,0.0306,0.0024,0.0276,0.0475
02852,0.9284,0.0094,0.014,0.0058,0.0168,0.0257
02857,0.9751,0.003,0.0055,0.0006,0.006999999999999999,0.0088
02858,0.9824,0.0018,0.0,0.0,0.0123,0.0035
02859,0.9539,0.0058,0.0048,0.0018,0.011,0.0227
02860,0.4844,0.1752,0.0177,0.0055,0.0597,0.2574
02861,0.7838,0.051,0.0131,0.0014,0.0258,0.1249
02861,1.0,0.0,0.0,0.0,0.0,0.0
02863,0.2642,0.0751,0.0057,0.0031,0.0306,0.6213
02864,0.9037,0.0133,0.0235,0.001,0.0136,0.0449
02865,0.8993,0.0135,0.0316,0.0011,0.0169,0.0376
02871,0.932,0.0127,0.016,0.0017,0.0162,0.0214
02872,0.9312,0.0092,0.0138,0.0,0.0229,0.0229
02873,0.9702,0.0085,0.0043,0.0,0.0,0.017
02874,0.9526,0.0062,0.0103,0.0031,0.0128,0.0151
02875,0.9349,0.0,0.0,0.0065,0.0456,0.013
02876,0.8977,0.0,0.0395,0.0,0.0116,0.0512
02878,0.9581,0.008,0.0086,0.0012,0.0121,0.0121
02879,0.9263,0.0108,0.0141,0.0131,0.0179,0.0178
02881,0.8059,0.0481,0.0613,0.0041,0.0214,0.0591
02882,0.9465,0.008,0.0084,0.0077,0.0119,0.0174
02885,0.9488,0.0105,0.0061,0.0026,0.0137,0.0183
02886,0.9107,0.0131,0.0261,0.0026,0.0135,0.034
02888,0.8991,0.0196,0.0203,0.0023,0.0186,0.0401
02889,0.9121,0.015,0.02,0.0024,0.0175,0.033
02891,0.9144,0.0085,0.0265,0.005,0.0161,0.0296
02892,0.9424,0.0056,0.0106,0.0088,0.0161,0.0165
02893,0.8859999999999999,0.0194,0.0233,0.0021,0.0198,0.0493
02894,0.9377,0.0,0.0014,0.0305,0.0139,0.0166
02895,0.715,0.0533,0.0543,0.0027,0.0324,0.1423
02896,0.9539,0.005,0.0092,0.0012,0.0086,0.0221
02898,0.9587,0.0053,0.0047,0.0035,0.0071,0.0206
02903,0.5915,0.0951,0.1238,0.0052,0.0307,0.1537
02904,0.6735,0.1085,0.0295,0.0056,0.0278,0.1552
02905,0.4069,0.1515,0.0385,0.0072,0.0305,0.3653
02906,0.7495,0.0554,0.0909,0.0028,0.0387,0.0627
02907,0.1093,0.1841,0.0794,0.0083,0.0297,0.5892
02908,0.442,0.142,0.0406,0.0066,0.0306,0.3382
02909,0.2351,0.1128,0.0574,0.0077,0.026,0.561
02910,0.733,0.044,0.0738,0.0029,0.0228,0.1235
02911,0.8352,0.0384,0.0193,0.0028,0.0215,0.0827
02912,0.6481,0.0374,0.1532,0.0037,0.0594,0.0982
02914,0.7928,0.0777,0.014,0.0055,0.0521,0.0579
02915,0.8881,0.0341,0.0186,0.0047,0.0263,0.0282
02916,0.8865,0.0443,0.0136,0.0031,0.0243,0.0281
02917,0.9349,0.0138,0.0146,0.0017,0.0095,0.0255
02919,0.8909,0.0181,0.0203,0.0009,0.0119,0.0579
02920,0.7539,0.0562,0.0464,0.0026,0.0146,0.1264
02921,0.9128,0.0102,0.0383,0.0007,0.0104,0.0275
03031,0.945,0.0044,0.0174,0.0012,0.0124,0.0195
03032,0.9612,0.0026,0.0079,0.0018,0.0089,0.0176
03033,0.9498,0.0024,0.0126,0.0022,0.0128,0.0201
03034,0.9662,0.0028,0.0048,0.0033,0.0106,0.0123
03036,0.9613,0.0027,0.0084,0.0008,0.0109,0.0159
03037,0.9772,0.0024,0.0033,0.0009,0.0102,0.0059
03038,0.9261,0.0094,0.0156,0.0019,0.0144,0.0326
03042,0.9512,0.0035,0.0131,0.0019,0.0153,0.015
03043,0.9656,0.0025,0.0051,0.0013,0.0153,0.0102
03044,0.969,0.0016,0.0026,0.0012,0.0129,0.0127
03045,0.9567,0.0074,0.0079,0.0013,0.0108,0.0159
03046,0.963,0.0029,0.0058,0.0015,0.0138,0.0131
03047,0.9717,0.0034,0.0062,0.0017,0.0079,0.0091
03048,0.9626,0.0038,0.0044,0.0018,0.0102,0.0172
03049,0.9427,0.0049,0.0242,0.0007,0.0151,0.0124
03051,0.9135,0.0127,0.0309,0.0012,0.0124,0.0292
03052,0.9528,0.0061,0.0082,0.0027,0.0105,0.0196
03053,0.9448,0.006,0.0176,0.0005,0.0103,0.0209
03054,0.9361,0.0072,0.0197,0.0017,0.0138,0.0215
03055,0.9358,0.0124,0.0131,0.0021,0.0143,0.0223
03057,0.9596,0.004,0.0084,0.0016,0.0112,0.0152
03060,0.7432,0.0275,0.0374,0.003,0.021,0.168
03062,0.8173,0.0183,0.1078,0.0009,0.0134,0.0422
03063,0.816,0.0222,0.0818,0.0012,0.0189,0.06
03064,0.8292,0.0218,0.0241,0.0026,0.015,0.1073
03070,0.9701,0.004,0.006999999999999999,0.0013,0.0084,0.0091
03071,0.9646,0.0023,0.0039,0.0016,0.0104,0.0172
03076,0.9484,0.0054,0.0176,0.001,0.0087,0.0189
03077,0.9618,0.0064,0.006,0.0015,0.0128,0.0115
03079,0.9038,0.0074,0.0325,0.0013,0.0108,0.0442
03082,0.9416,0.0087,0.0087,0.0019,0.0236,0.0155
03084,0.9707,0.0,0.0015,0.0022,0.0051,0.0205
03086,0.959,0.0054,0.0046,0.0024,0.0145,0.0142
03087,0.9394,0.0042,0.0293,0.0019,0.0091,0.016
03101,0.7654,0.0578,0.0283,0.0013,0.0177,0.1295
03102,0.8492,0.0313,0.0383,0.0025,0.0203,0.0585
03103,0.7592,0.0479,0.0393,0.0024,0.0212,0.13
03104,0.8604,0.0316,0.0341,0.0019,0.0188,0.0532
03106,0.9355,0.0097,0.0202,0.0015,0.0123,0.0208
03109,0.911,0.0177,0.0246,0.0025,0.0139,0.0303
03110,0.9341,0.0058,0.029,0.0009,0.0127,0.0173
03215,0.9798,0.004,0.0,0.0,0.0121,0.004
03216,0.9569,0.0051,0.0097,0.0046,0.0144,0.0093
03217,0.9557,0.0043,0.0135,0.0024,0.0154,0.0087
03218,0.9708,0.0063,0.0,0.0084,0.0104,0.0042
03220,0.9619,0.0039,0.006999999999999999,0.0015,0.0123,0.0135
03221,0.9622,0.001,0.0038,0.0034,0.0153,0.0144
03222,0.9619,0.0026,0.006,0.0064,0.014,0.0092
03223,0.9672,0.0026,0.0061,0.0038,0.0105,0.0097
03224,0.9624,0.0043,0.0039,0.0026,0.0099,0.0168
03225,0.9686,0.0038,0.0041,0.0011,0.0139,0.0085
03226,0.9633,0.0027,0.0125,0.0018,0.0054,0.0143
03227,0.9762,0.0022,0.0043,0.0011,0.0108,0.0054
03229,0.969,0.0029,0.0063,0.0013,0.0107,0.0098
03230,0.978,0.0008,0.0024,0.0016,0.0033,0.0138
03231,0.9851,0.0,0.0,0.0,0.0099,0.005
03233,0.9565,0.0087,0.0,0.0,0.0,0.0348
03234,0.9761,0.0039,0.0053,0.0007,0.0079,0.0061
03235,0.9526,0.0047,0.0079,0.0043,0.015,0.0155
03237,0.972,0.0009,0.0098,0.0009,0.012,0.0044
03238,0.96,0.0133,0.0,0.0,0.0133,0.0133
03240,0.9619,0.0015,0.0037,0.0022,0.0157,0.0149
03241,0.9578,0.0046,0.0057,0.0046,0.008,0.0194
03242,0.9476,0.011,0.011,0.0031,0.0106,0.0168
03243,0.9733,0.0037,0.0009,0.0009,0.0138,0.0074
03244,0.955,0.0051,0.0069,0.0028,0.0162,0.014
03245,0.9737,0.0045,0.0035,0.0035,0.0129,0.002
03246,0.9352,0.0085,0.0244,0.0034,0.0128,0.0157
03249,0.9684,0.003,0.0072,0.0006,0.0079,0.0131
03251,0.9567,0.003,0.0174,0.0012,0.0048,0.0168
03253,0.9659,0.0027,0.0092,0.0014,0.0101,0.0106
03254,0.9743,0.0027,0.0057,0.0017,0.0052,0.0104
03255,0.967,0.0019,0.0057,0.0014,0.012,0.012
03256,0.9603,0.0037,0.0078,0.0009,0.018000000000000002,0.0092
03257,0.9549,0.0103,0.0108,0.0004,0.0099,0.0137
03258,0.9797,0.002,0.0024,0.0,0.0052,0.0107
03259,0.9701,0.0,0.0109,0.0054,0.0109,0.0027
03260,0.9502,0.0,0.0199,0.005,0.0124,0.0124
03261,0.967,0.0038,0.0071,0.0026,0.0108,0.0087
03262,0.9642,0.0008,0.0098,0.0024,0.0195,0.0033
03263,0.9553,0.0049,0.0056,0.0029,0.0129,0.0185
03264,0.9479,0.0078,0.011,0.0024,0.013,0.018000000000000002
03266,0.9546,0.0014,0.0069,0.0056,0.0227,0.0088
03268,0.9638,0.0008,0.0016,0.0024,0.0228,0.0086
03269,0.968,0.0024,0.0054,0.0027,0.0125,0.0091
03273,0.9744,0.0096,0.0032,0.0,0.0032,0.0096
03275,0.9543,0.0062,0.0069,0.0039,0.0116,0.0171
03276,0.9562,0.0058,0.0105,0.0026,0.0121,0.0127
03278,0.9668,0.003,0.0027,0.003,0.0078,0.0166
03279,0.9638,0.0012,0.0012,0.0036,0.0253,0.0048
03280,0.9617,0.0036,0.0053,0.0062,0.0098,0.0134
03281,0.9683,0.0023,0.0043,0.0031,0.0101,0.0118
03282,0.9756,0.0022,0.0011,0.0011,0.0111,0.0089
03284,0.976,0.0,0.0,0.002,0.006,0.016
03285,0.9733,0.0008,0.0044,0.0012,0.0117,0.0085
03287,0.9753,0.0008,0.0046,0.0015,0.0108,0.0069
03290,0.9605,0.0038,0.0108,0.0032,0.0106,0.0112
03291,1.0,0.0,0.0,0.0,0.0,0.0
03293,0.986,0.0,0.006999999999999999,0.0,0.006999999999999999,0.0
03301,0.8999,0.0245,0.0372,0.0026,0.0152,0.0206
